0
 00 00 00 00 00 00 00 00 00 00 00 00 80 40 20 20 10 08 08 04 04 04 02 02 02 02 02 01 01 01 01 01 01 01 01 01 02 02 02 02 02 04 04 04 08 08 10 20 20 40 80 00 00 00 00 00 00 00 00 00 00 00 00 00
 00 00 00 00 00 C0 20 10 0C 02 01 01 00 00 00 00 00 00 00 00 00 00 00 00 00 00 00 00 00 00 00 00 00 00 00 00 00 00 00 00 00 00 00 00 00 00 00 00 00 00 00 01 01 02 0C 10 20 C0 00 00 00 00 00 00
 00 C0 38 06 01 00 00 00 00 00 00 00 00 00 00 00 00 00 00 00 00 00 00 00 00 00 00 00 00 00 00 00 00 00 00 00 00 00 00 00 00 00 00 00 00 00 00 00 00 00 00 00 00 00 00 00 00 00 01 06 38 C0 00 00
 FC 83 A0 A0 A0 A0 A0 A0 A0 A0 A0 A0 A0 A0 A0 A0 A0 A0 A0 A0 A0 A0 A0 A0 A0 A0 A0 A0 A0 A0 A0 A0 80 80 80 80 80 80 80 80 80 80 80 80 80 80 80 80 80 80 80 80 80 80 80 80 80 80 80 80 80 87 F8 00

1
 00 00 00 00 00 00 00 00 00 00 00 00 80 40 20 20 10 08 08 04 04 04 02 02 02 02 02 01 01 01 01 01 01 01 01 01 02 02 02 02 02 04 04 04 08 08 10 20 20 40 80 00 00 00 00 00 00 00 00 00 00 00 00 00
 00 00 00 00 00 C0 20 10 0C 02 01 01 00 00 00 00 00 00 00 00 00 00 00 00 00 00 00 00 00 00 00 00 00 00 00 00 00 00 00 00 00 00 00 00 00 00 00 00 00 00 00 01 01 02 0C 10 20 C0 00 00 00 00 00 00
 00 C0 38 06 01 00 00 00 00 00 00 00 00 00 00 00 00 00 00 00 00 00 00 00 00 00 00 00 00 00 00 00 00 00 00 00 00 00 00 00 00 00 00 00 00 00 00 00 00 00 00 00 00 00 00 00 00 00 01 06 38 C0 00 00
 FC 83 80 81 81 81 82 82 82 82 82 82 84 84 84 84 84 84 88 88 88 88 88 90 90 90 90 90 90 A0 A0 A0 80 80 80 80 80 80 80 80 80 80 80 80 80 80 80 80 80 80 80 80 80 80 80 80 80 80 80 80 80 87 F8 00

2
 00 00 00 00 00 00 00 00 00 00 00 00 80 40 20 20 10 08 08 04 04 04 02 02 02 02 02 01 01 01 01 01 01 01 01 01 02 02 02 02 02 04 04 04 08 08 10 20 20 40 80 00 00 00 00 00 00 00 00 00 00 00 00 00
 00 00 00 00 00 C0 20 10 0C 02 01 01 00 00 00 00 00 00 00 00 00 00 00 00 00 00 00 00 00 00 00 00 00 00 00 00 00 00 00 00 00 00 00 00 00 00 00 00 00 00 00 01 01 02 0C 10 20 C0 00 00 00 00 00 00
 00 C0 38 06 11 10 20 20 20 40 40 40 80 80 80 00 00 00 00 00 00 00 00 00 00 00 00 00 00 00 00 00 00 00 00 00 00 00 00 00 00 00 00 00 00 00 00 00 00 00 00 00 00 00 00 00 00 00 01 06 38 C0 00 00
 FC 83 80 80 80 80 80 80 80 80 80 80 80 80 80 81 81 81 82 82 82 84 84 84 88 88 88 90 90 90 A0 A0 80 80 80 80 80 80 80 80 80 80 80 80 80 80 80 80 80 80 80 80 80 80 80 80 80 80 80 80 80 87 F8 00

3
 00 00 00 00 00 00 00 00 00 00 00 00 80 40 20 20 10 08 08 04 04 04 02 02 02 02 02 01 01 01 01 01 01 01 01 01 02 02 02 02 02 04 04 04 08 08 10 20 20 40 80 00 00 00 00 00 00 00 00 00 00 00 00 00
 00 00 00 00 00 C0 20 90 0C 02 01 01 00 00 00 00 00 00 00 00 00 00 00 00 00 00 00 00 00 00 00 00 00 00 00 00 00 00 00 00 00 00 00 00 00 00 00 00 00 00 00 01 01 02 0C 10 20 C0 00 00 00 00 00 00
 00 C0 38 06 01 00 00 00 01 01 02 02 04 04 08 10 10 20 20 40 80 80 00 00 00 00 00 00 00 00 00 00 00 00 00 00 00 00 00 00 00 00 00 00 00 00 00 00 00 00 00 00 00 00 00 00 00 00 01 06 38 C0 00 00
 FC 83 80 80 80 80 80 80 80 80 80 80 80 80 80 80 80 80 80 80 80 80 81 81 82 82 84 88 88 90 90 A0 80 80 80 80 80 80 80 80 80 80 80 80 80 80 80 80 80 80 80 80 80 80 80 80 80 80 80 80 80 87 F8 00

4
 00 00 00 00 00 00 00 00 00 00 00 00 80 40 20 20 10 08 08 04 04 04 02 02 02 02 02 01 01 01 01 01 01 01 01 01 02 02 02 02 02 04 04 04 08 08 10 20 20 40 80 00 00 00 00 00 00 00 00 00 00 00 00 00
 00 00 00 00 00 C0 20 10 0C 02 09 11 20 40 40 80 00 00 00 00 00 00 00 00 00 00 00 00 00 00 00 00 00 00 00 00 00 00 00 00 00 00 00 00 00 00 00 00 00 00 00 01 01 02 0C 10 20 C0 00 00 00 00 00 00
 00 C0 38 06 01 00 00 00 00 00 00 00 00 00 00 00 01 02 04 08 10 10 20 40 80 00 00 00 00 00 00 00 00 00 00 00 00 00 00 00 00 00 00 00 00 00 00 00 00 00 00 00 00 00 00 00 00 00 01 06 38 C0 00 00
 FC 83 80 80 80 80 80 80 80 80 80 80 80 80 80 80 80 80 80 80 80 80 80 80 80 81 82 84 84 88 90 A0 80 80 80 80 80 80 80 80 80 80 80 80 80 80 80 80 80 80 80 80 80 80 80 80 80 80 80 80 80 87 F8 00

5
 00 00 00 00 00 00 00 00 00 00 00 00 80 40 20 20 10 08 08 04 04 04 02 02 02 02 02 01 01 01 01 01 01 01 01 01 02 02 02 02 02 04 04 04 08 08 10 20 20 40 80 00 00 00 00 00 00 00 00 00 00 00 00 00
 00 00 00 00 00 C0 20 10 0C 02 01 01 00 00 01 02 0C 10 20 40 80 00 00 00 00 00 00 00 00 00 00 00 00 00 00 00 00 00 00 00 00 00 00 00 00 00 00 00 00 00 00 01 01 02 0C 10 20 C0 00 00 00 00 00 00
 00 C0 38 06 01 00 00 00 00 00 00 00 00 00 00 00 00 00 00 00 01 02 04 08 10 60 80 00 00 00 00 00 00 00 00 00 00 00 00 00 00 00 00 00 00 00 00 00 00 00 00 00 00 00 00 00 00 00 01 06 38 C0 00 00
 FC 83 80 80 80 80 80 80 80 80 80 80 80 80 80 80 80 80 80 80 80 80 80 80 80 80 80 81 82 8C 90 A0 80 80 80 80 80 80 80 80 80 80 80 80 80 80 80 80 80 80 80 80 80 80 80 80 80 80 80 80 80 87 F8 00

6	
 00 00 00 00 00 00 00 00 00 00 00 00 80 40 20 20 10 08 28 C4 04 04 02 02 02 02 02 01 01 01 01 01 01 01 01 01 02 02 02 02 02 04 04 04 08 08 10 20 20 40 80 00 00 00 00 00 00 00 00 00 00 00 00 00
 00 00 00 00 00 C0 20 10 0C 02 01 01 00 00 00 00 00 00 00 00 03 0C 30 C0 00 00 00 00 00 00 00 00 00 00 00 00 00 00 00 00 00 00 00 00 00 00 00 00 00 00 00 01 01 02 0C 10 20 C0 00 00 00 00 00 00
 00 C0 38 06 01 00 00 00 00 00 00 00 00 00 00 00 00 00 00 00 00 00 00 00 03 04 18 60 80 00 00 00 00 00 00 00 00 00 00 00 00 00 00 00 00 00 00 00 00 00 00 00 00 00 00 00 00 00 01 06 38 C0 00 00
 FC 83 80 80 80 80 80 80 80 80 80 80 80 80 80 80 80 80 80 80 80 80 80 80 80 80 80 80 81 86 98 A0 80 80 80 80 80 80 80 80 80 80 80 80 80 80 80 80 80 80 80 80 80 80 80 80 80 80 80 80 80 87 F8 00

7
 00 00 00 00 00 00 00 00 00 00 00 00 80 40 20 20 10 08 08 04 04 04 32 C2 02 02 02 01 01 01 01 01 01 01 01 01 02 02 02 02 02 04 04 04 08 08 10 20 20 40 80 00 00 00 00 00 00 00 00 00 00 00 00 00
 00 00 00 00 00 C0 20 10 0C 02 01 01 00 00 00 00 00 00 00 00 00 00 00 01 06 38 C0 00 00 00 00 00 00 00 00 00 00 00 00 00 00 00 00 00 00 00 00 00 00 00 00 01 01 02 0C 10 20 C0 00 00 00 00 00 00
 00 C0 38 06 01 00 00 00 00 00 00 00 00 00 00 00 00 00 00 00 00 00 00 00 00 00 01 0E 70 80 00 00 00 00 00 00 00 00 00 00 00 00 00 00 00 00 00 00 00 00 00 00 00 00 00 00 00 00 01 06 38 C0 00 00
 FC 83 80 80 80 80 80 80 80 80 80 80 80 80 80 80 80 80 80 80 80 80 80 80 80 80 80 80 80 81 8E B0 80 80 80 80 80 80 80 80 80 80 80 80 80 80 80 80 80 80 80 80 80 80 80 80 80 80 80 80 80 87 F8 00

8
 00 00 00 00 00 00 00 00 00 00 00 00 80 40 20 20 10 08 08 04 04 04 02 02 02 02 02 79 81 01 01 01 01 01 01 01 02 02 02 02 02 04 04 04 08 08 10 20 20 40 80 00 00 00 00 00 00 00 00 00 00 00 00 00
 00 00 00 00 00 C0 20 10 0C 02 01 01 00 00 00 00 00 00 00 00 00 00 00 00 00 00 00 00 1F E0 00 00 00 00 00 00 00 00 00 00 00 00 00 00 00 00 00 00 00 00 00 01 01 02 0C 10 20 C0 00 00 00 00 00 00
 00 C0 38 06 01 00 00 00 00 00 00 00 00 00 00 00 00 00 00 00 00 00 00 00 00 00 00 00 00 0F F0 00 00 00 00 00 00 00 00 00 00 00 00 00 00 00 00 00 00 00 00 00 00 00 00 00 00 00 01 06 38 C0 00 00
 FC 83 80 80 80 80 80 80 80 80 80 80 80 80 80 80 80 80 80 80 80 80 80 80 80 80 80 80 80 80 83 BC 80 80 80 80 80 80 80 80 80 80 80 80 80 80 80 80 80 80 80 80 80 80 80 80 80 80 80 80 80 87 F8 00

9
 00 00 00 00 00 00 00 00 00 00 00 00 80 40 20 20 10 08 08 04 04 04 02 02 02 02 02 01 01 01 01 FD 01 01 01 01 02 02 02 02 02 04 04 04 08 08 10 20 20 40 80 00 00 00 00 00 00 00 00 00 00 00 00 00
 00 00 00 00 00 C0 20 10 0C 02 01 01 00 00 00 00 00 00 00 00 00 00 00 00 00 00 00 00 00 00 00 FF 00 00 00 00 00 00 00 00 00 00 00 00 00 00 00 00 00 00 00 01 01 02 0C 10 20 C0 00 00 00 00 00 00
 00 C0 38 06 01 00 00 00 00 00 00 00 00 00 00 00 00 00 00 00 00 00 00 00 00 00 00 00 00 00 00 FF 00 00 00 00 00 00 00 00 00 00 00 00 00 00 00 00 00 00 00 00 00 00 00 00 00 00 01 06 38 C0 00 00
 FC 83 80 80 80 80 80 80 80 80 80 80 80 80 80 80 80 80 80 80 80 80 80 80 80 80 80 80 80 80 80 BF 80 80 80 80 80 80 80 80 80 80 80 80 80 80 80 80 80 80 80 80 80 80 80 80 80 80 80 80 80 87 F8 00

10
 00 00 00 00 00 00 00 00 00 00 00 00 80 40 20 20 10 08 08 04 04 04 02 02 02 02 02 01 01 01 01 01 01 01 01 C1 3A 02 02 02 02 04 04 04 08 08 10 20 20 40 80 00 00 00 00 00 00 00 00 00 00 00 00 00
 00 00 00 00 00 C0 20 10 0C 02 01 01 00 00 00 00 00 00 00 00 00 00 00 00 00 00 00 00 00 00 00 00 00 00 F8 07 00 00 00 00 00 00 00 00 00 00 00 00 00 00 00 01 01 02 0C 10 20 C0 00 00 00 00 00 00
 00 C0 38 06 01 00 00 00 00 00 00 00 00 00 00 00 00 00 00 00 00 00 00 00 00 00 00 00 00 00 00 00 C0 3E 01 00 00 00 00 00 00 00 00 00 00 00 00 00 00 00 00 00 00 00 00 00 00 00 01 06 38 C0 00 00
 FC 83 80 80 80 80 80 80 80 80 80 80 80 80 80 80 80 80 80 80 80 80 80 80 80 80 80 80 80 80 80 B8 87 80 80 80 80 80 80 80 80 80 80 80 80 80 80 80 80 80 80 80 80 80 80 80 80 80 80 80 80 87 F8 00

11
 00 00 00 00 00 00 00 00 00 00 00 00 80 40 20 20 10 08 08 04 04 04 02 02 02 02 02 01 01 01 01 01 01 01 01 01 02 02 02 02 C2 34 04 04 08 08 10 20 20 40 80 00 00 00 00 00 00 00 00 00 00 00 00 00
 00 00 00 00 00 C0 20 10 0C 02 01 01 00 00 00 00 00 00 00 00 00 00 00 00 00 00 00 00 00 00 00 00 00 00 00 00 00 E0 18 07 00 00 00 00 00 00 00 00 00 00 00 01 01 02 0C 10 20 C0 00 00 00 00 00 00
 00 C0 38 06 01 00 00 00 00 00 00 00 00 00 00 00 00 00 00 00 00 00 00 00 00 00 00 00 00 00 00 00 00 80 60 1C 03 00 00 00 00 00 00 00 00 00 00 00 00 00 00 00 00 00 00 00 00 00 01 06 38 C0 00 00
 FC 83 80 80 80 80 80 80 80 80 80 80 80 80 80 80 80 80 80 80 80 80 80 80 80 80 80 80 80 80 80 B0 8C 83 80 80 80 80 80 80 80 80 80 80 80 80 80 80 80 80 80 80 80 80 80 80 80 80 80 80 80 87 F8 00

12
 00 00 00 00 00 00 00 00 00 00 00 00 80 40 20 20 10 08 08 04 04 04 02 02 02 02 02 01 01 01 01 01 01 01 01 01 02 02 02 02 02 04 04 04 88 48 10 20 20 40 80 00 00 00 00 00 00 00 00 00 00 00 00 00
 00 00 00 00 00 C0 20 10 0C 02 01 01 00 00 00 00 00 00 00 00 00 00 00 00 00 00 00 00 00 00 00 00 00 00 00 00 00 00 00 00 C0 30 08 06 01 00 00 00 00 00 00 01 01 02 0C 10 20 C0 00 00 00 00 00 00
 00 C0 38 06 01 00 00 00 00 00 00 00 00 00 00 00 00 00 00 00 00 00 00 00 00 00 00 00 00 00 00 00 00 00 00 C0 30 08 06 01 00 00 00 00 00 00 00 00 00 00 00 00 00 00 00 00 00 00 01 06 38 C0 00 00
 FC 83 80 80 80 80 80 80 80 80 80 80 80 80 80 80 80 80 80 80 80 80 80 80 80 80 80 80 80 80 80 A0 98 86 81 80 80 80 80 80 80 80 80 80 80 80 80 80 80 80 80 80 80 80 80 80 80 80 80 80 80 87 F8 00

13
 00 00 00 00 00 00 00 00 00 00 00 00 80 40 20 20 10 08 08 04 04 04 02 02 02 02 02 01 01 01 01 01 01 01 01 01 02 02 02 02 02 04 04 04 08 08 10 20 20 40 80 00 00 00 00 00 00 00 00 00 00 00 00 00
 00 00 00 00 00 C0 20 10 0C 02 01 01 00 00 00 00 00 00 00 00 00 00 00 00 00 00 00 00 00 00 00 00 00 00 00 00 00 00 00 00 00 00 00 80 40 30 08 04 02 00 00 01 01 02 0C 10 20 C0 00 00 00 00 00 00
 00 C0 38 06 01 00 00 00 00 00 00 00 00 00 00 00 00 00 00 00 00 00 00 00 00 00 00 00 00 00 00 00 00 00 00 00 80 40 20 10 0C 02 01 00 00 00 00 00 00 00 00 00 00 00 00 00 00 00 01 06 38 C0 00 00
 FC 83 80 80 80 80 80 80 80 80 80 80 80 80 80 80 80 80 80 80 80 80 80 80 80 80 80 80 80 80 80 A0 90 88 86 81 80 80 80 80 80 80 80 80 80 80 80 80 80 80 80 80 80 80 80 80 80 80 80 80 80 87 F8 00

14
 00 00 00 00 00 00 00 00 00 00 00 00 80 40 20 20 10 08 08 04 04 04 02 02 02 02 02 01 01 01 01 01 01 01 01 01 02 02 02 02 02 04 04 04 08 08 10 20 20 40 80 00 00 00 00 00 00 00 00 00 00 00 00 00
 00 00 00 00 00 C0 20 10 0C 02 01 01 00 00 00 00 00 00 00 00 00 00 00 00 00 00 00 00 00 00 00 00 00 00 00 00 00 00 00 00 00 00 00 00 00 00 00 00 80 40 40 21 11 02 0C 10 20 C0 00 00 00 00 00 00
 00 C0 38 06 01 00 00 00 00 00 00 00 00 00 00 00 00 00 00 00 00 00 00 00 00 00 00 00 00 00 00 00 00 00 00 00 00 00 80 80 40 20 10 08 04 04 02 01 00 00 00 00 00 00 00 00 00 00 01 06 38 C0 00 00
 FC 83 80 80 80 80 80 80 80 80 80 80 80 80 80 80 80 80 80 80 80 80 80 80 80 80 80 80 80 80 80 A0 90 88 88 84 82 81 80 80 80 80 80 80 80 80 80 80 80 80 80 80 80 80 80 80 80 80 80 80 80 87 F8 00

15
 00 00 00 00 00 00 00 00 00 00 00 00 80 40 20 20 10 08 08 04 04 04 02 02 02 02 02 01 01 01 01 01 01 01 01 01 02 02 02 02 02 04 04 04 08 08 10 20 20 40 80 00 00 00 00 00 00 00 00 00 00 00 00 00
 00 00 00 00 00 C0 20 10 0C 02 01 01 00 00 00 00 00 00 00 00 00 00 00 00 00 00 00 00 00 00 00 00 00 00 00 00 00 00 00 00 00 00 00 00 00 00 00 00 00 00 00 01 01 02 0C 10 20 C0 00 00 00 00 00 00
 00 C0 38 06 01 00 00 00 00 00 00 00 00 00 00 00 00 00 00 00 00 00 00 00 00 00 00 00 00 00 00 00 00 00 00 00 00 00 00 00 00 00 80 80 40 20 20 10 10 08 08 04 04 02 02 01 00 00 01 06 38 C0 00 00
 FC 83 80 80 80 80 80 80 80 80 80 80 80 80 80 80 80 80 80 80 80 80 80 80 80 80 80 80 80 80 80 A0 90 90 88 88 84 84 82 82 81 81 80 80 80 80 80 80 80 80 80 80 80 80 80 80 80 80 80 80 80 87 F8 00

16
 00 00 00 00 00 00 00 00 00 00 00 00 80 40 20 20 10 08 08 04 04 04 02 02 02 02 02 01 01 01 01 01 01 01 01 01 02 02 02 02 02 04 04 04 08 08 10 20 20 40 80 00 00 00 00 00 00 00 00 00 00 00 00 00
 00 00 00 00 00 C0 20 10 0C 02 01 01 00 00 00 00 00 00 00 00 00 00 00 00 00 00 00 00 00 00 00 00 00 00 00 00 00 00 00 00 00 00 00 00 00 00 00 00 00 00 00 01 01 02 0C 10 20 C0 00 00 00 00 00 00
 00 C0 38 06 01 00 00 00 00 00 00 00 00 00 00 00 00 00 00 00 00 00 00 00 00 00 00 00 00 00 00 00 00 00 00 00 00 00 00 00 00 00 00 00 00 00 00 80 80 80 40 40 40 20 20 20 10 10 01 06 38 C0 00 00
 FC 83 80 80 80 80 80 80 80 80 80 80 80 80 80 80 80 80 80 80 80 80 80 80 80 80 80 80 80 80 80 A0 A0 90 90 90 88 88 88 84 84 84 82 82 82 81 81 80 80 80 80 80 80 80 80 80 80 80 80 80 80 87 F8 00

17
 00 00 00 00 00 00 00 00 00 00 00 00 80 40 20 20 10 08 08 04 04 04 02 02 02 02 02 01 01 01 01 01 01 01 01 01 02 02 02 02 02 04 04 04 08 08 10 20 20 40 80 00 00 00 00 00 00 00 00 00 00 00 00 00
 00 00 00 00 00 C0 20 10 0C 02 01 01 00 00 00 00 00 00 00 00 00 00 00 00 00 00 00 00 00 00 00 00 00 00 00 00 00 00 00 00 00 00 00 00 00 00 00 00 00 00 00 01 01 02 0C 10 20 C0 00 00 00 00 00 00
 00 C0 38 06 01 00 00 00 00 00 00 00 00 00 00 00 00 00 00 00 00 00 00 00 00 00 00 00 00 00 00 00 00 00 00 00 00 00 00 00 00 00 00 00 00 00 00 00 00 00 00 00 00 00 00 00 00 00 01 06 38 C0 00 00
 FC 83 80 80 80 80 80 80 80 80 80 80 80 80 80 80 80 80 80 80 80 80 80 80 80 80 80 80 80 80 80 A0 A0 A0 A0 90 90 90 90 90 90 90 88 88 88 88 88 88 88 84 84 84 84 84 84 84 82 82 82 82 80 87 F8 00

18
 00 00 00 00 00 00 00 00 00 00 00 00 80 40 20 20 10 08 08 04 04 04 02 02 02 02 02 01 01 01 01 01 01 01 01 01 02 02 02 02 02 04 04 04 08 08 10 20 20 40 80 00 00 00 00 00 00 00 00 00 00 00 00 00
 00 00 00 00 00 C0 20 10 0C 02 01 01 00 00 00 00 00 00 00 00 00 00 00 00 00 00 00 00 00 00 00 00 00 00 00 00 00 00 00 00 00 00 00 00 00 00 00 00 00 00 00 01 01 02 0C 10 20 C0 00 00 00 00 00 00
 00 C0 38 06 01 00 00 00 00 00 00 00 00 00 00 00 00 00 00 00 00 00 00 00 00 00 00 00 00 00 00 00 00 00 00 00 00 00 00 00 00 00 00 00 00 00 00 00 00 00 00 00 00 00 00 00 00 00 01 06 38 C0 00 00
 FC 83 80 80 80 80 80 80 80 80 80 80 80 80 80 80 80 80 80 80 80 80 80 80 80 80 80 80 80 80 80 A0 A0 A0 A0 A0 A0 A0 A0 A0 A0 A0 A0 A0 A0 A0 A0 A0 A0 A0 A0 A0 A0 A0 A0 A0 A0 A0 A0 A0 A0 87 F8 00
